,num_confirmed,num_death,num_recovered,num_confirmed_that_day,num_death_that_day,num_recovered_that_day
1/22/2020,0,0,0,,,
1/23/2020,0,0,0,0.0,0.0,0.0
1/24/2020,0,0,0,0.0,0.0,0.0
1/25/2020,0,0,0,0.0,0.0,0.0
1/26/2020,0,0,0,0.0,0.0,0.0
1/27/2020,0,0,0,0.0,0.0,0.0
1/28/2020,0,0,0,0.0,0.0,0.0
1/29/2020,0,0,0,0.0,0.0,0.0
1/30/2020,0,0,0,0.0,0.0,0.0
1/31/2020,0,0,0,0.0,0.0,0.0
2/1/2020,0,0,0,0.0,0.0,0.0
2/2/2020,0,0,0,0.0,0.0,0.0
2/3/2020,0,0,0,0.0,0.0,0.0
2/4/2020,0,0,0,0.0,0.0,0.0
2/5/2020,0,0,0,0.0,0.0,0.0
2/6/2020,0,0,0,0.0,0.0,0.0
2/7/2020,0,0,0,0.0,0.0,0.0
2/8/2020,0,0,0,0.0,0.0,0.0
2/9/2020,0,0,0,0.0,0.0,0.0
2/10/2020,0,0,0,0.0,0.0,0.0
2/11/2020,0,0,0,0.0,0.0,0.0
2/12/2020,0,0,0,0.0,0.0,0.0
2/13/2020,0,0,0,0.0,0.0,0.0
2/14/2020,0,0,0,0.0,0.0,0.0
2/15/2020,0,0,0,0.0,0.0,0.0
2/16/2020,0,0,0,0.0,0.0,0.0
2/17/2020,0,0,0,0.0,0.0,0.0
2/18/2020,0,0,0,0.0,0.0,0.0
2/19/2020,0,0,0,0.0,0.0,0.0
2/20/2020,0,0,0,0.0,0.0,0.0
2/21/2020,0,0,0,0.0,0.0,0.0
2/22/2020,0,0,0,0.0,0.0,0.0
2/23/2020,0,0,0,0.0,0.0,0.0
2/24/2020,0,0,0,0.0,0.0,0.0
2/25/2020,0,0,0,0.0,0.0,0.0
2/26/2020,0,0,0,0.0,0.0,0.0
2/27/2020,0,0,0,0.0,0.0,0.0
2/28/2020,0,0,0,0.0,0.0,0.0
2/29/2020,0,0,0,0.0,0.0,0.0
3/1/2020,0,0,0,0.0,0.0,0.0
3/2/2020,1,0,0,1.0,0.0,0.0
3/3/2020,2,0,0,1.0,0.0,0.0
3/4/2020,11,0,0,9.0,0.0,0.0
3/5/2020,23,0,0,12.0,0.0,0.0
3/6/2020,31,0,0,8.0,0.0,0.0
3/7/2020,76,0,0,45.0,0.0,0.0
3/8/2020,106,0,0,30.0,0.0,0.0
3/9/2020,142,0,0,36.0,0.0,0.0
3/10/2020,173,0,0,31.0,0.0,0.0
3/11/2020,220,0,0,47.0,0.0,0.0
3/12/2020,328,0,0,108.0,0.0,0.0
3/13/2020,421,0,0,93.0,0.0,0.0
3/14/2020,525,2,0,104.0,2.0,0.0
3/15/2020,732,3,0,207.0,1.0,0.0
3/16/2020,967,10,0,235.0,7.0,0.0
3/17/2020,1706,13,0,739.0,3.0,0.0
3/18/2020,2495,16,0,789.0,3.0,0.0
3/19/2020,5365,34,0,2870.0,18.0,0.0
3/20/2020,8310,42,0,2945.0,8.0,0.0
3/21/2020,11710,60,0,3400.0,18.0,0.0
3/22/2020,15793,117,0,4083.0,57.0,0.0
3/23/2020,20884,158,0,5091.0,41.0,0.0
3/24/2020,25681,210,0,4797.0,52.0,0.0
3/25/2020,30841,285,0,5160.0,75.0,0.0
3/26/2020,37877,385,0,7036.0,100.0,0.0
3/27/2020,44876,527,0,6999.0,142.0,0.0
3/28/2020,52410,728,0,7534.0,201.0,0.0
3/29/2020,59648,965,0,7238.0,237.0,0.0
3/30/2020,66663,1218,0,7015.0,253.0,0.0
3/31/2020,75833,1550,0,9170.0,332.0,0.0
4/1/2020,83948,1941,0,8115.0,391.0,0.0
4/2/2020,92506,2373,0,8558.0,432.0,0.0
4/3/2020,102987,2935,0,10481.0,562.0,0.0
4/4/2020,113833,3565,0,10846.0,630.0,0.0
4/5/2020,123160,4159,0,9327.0,594.0,0.0
4/6/2020,131815,4698,0,8655.0,539.0,0.0
4/7/2020,139875,5489,0,8060.0,791.0,0.0
4/8/2020,151061,6268,0,11186.0,779.0,0.0
4/9/2020,161779,7067,0,10718.0,799.0,0.0
4/10/2020,172348,7867,0,10569.0,800.0,0.0
4/11/2020,181026,8627,0,8678.0,760.0,0.0
4/12/2020,189033,9385,0,8007.0,758.0,0.0
4/13/2020,195749,10058,0,6716.0,673.0,0.0
4/14/2020,203020,10842,0,7271.0,784.0,0.0
4/15/2020,214454,11617,0,11434.0,775.0,0.0
4/16/2020,223691,14832,0,9237.0,3215.0,0.0
4/17/2020,230597,17131,0,6906.0,2299.0,0.0
4/18/2020,241712,17671,0,11115.0,540.0,0.0
4/19/2020,247815,18298,0,6103.0,627.0,0.0
4/20/2020,253060,18611,0,5245.0,313.0,0.0
4/21/2020,258361,19104,0,5301.0,493.0,0.0
4/22/2020,263292,19413,0,4931.0,309.0,0.0
4/23/2020,263460,20973,0,168.0,1560.0,0.0
4/24/2020,271590,21411,0,8130.0,438.0,0.0
4/25/2020,282143,22009,0,10553.0,598.0,0.0
4/26/2020,288045,22269,0,5902.0,260.0,0.0
4/27/2020,291996,22668,0,3951.0,399.0,0.0
